web_service_key|group_access_key|suspend_flag|ra_group_key
100427|328|N|1
100428|329|N|1
100429|330|N|1
100429|331|N|4
100428|332|N|4
100427|333|N|4
100301|202|N|1
100425|326|N|1
100426|327|N|1
100426|334|N|4
100425|335|N|4
100600|501|N|1
100041|1|N|1
100042|2|N|1
100043|3|N|1
100044|4|N|1
100045|5|N|1
100046|6|N|1
100047|7|N|1
100048|8|N|1
100049|9|N|1
100050|10|N|1
100051|11|N|1
100052|12|N|1
100053|13|N|1
100054|14|N|1
100055|15|N|1
100056|16|N|1
100057|17|N|1
100058|18|N|1
100059|19|N|1
100060|20|N|1
100061|21|N|1
100062|22|N|1
100063|23|N|1
100064|24|N|1
100065|25|N|1
100066|26|N|1
100067|27|N|1
100068|28|N|1
100069|29|N|1
100070|30|N|1
100071|31|N|1
100072|32|N|1
100081|35|N|1
100083|36|N|1
100100|37|N|1
100125|38|N|1
100126|39|N|1
100150|40|N|1
100200|51|N|1
100325|301|N|1
100326|302|N|1
100450|351|N|1
100451|352|N|1
100452|353|N|1
100453|354|N|1
100525|426|N|1
100582|476|N|1
100575|477|N|1
100576|478|N|1
100577|479|N|1
100578|480|N|1
100579|481|N|1
100580|482|N|1
100581|483|N|1
100625|801|N|1
100625|802|N|2
100625|803|N|3
100626|851|N|1
100626|852|N|2
100626|853|N|4
100626|854|N|26
100627|855|N|26
100628|856|N|26
100629|857|N|26
100630|858|N|26
100631|859|N|26
100632|860|N|26
100633|861|N|26
100650|862|N|26
100651|863|N|26
100652|864|N|26
100653|865|N|26
100654|866|N|26
100655|867|N|26
100656|868|N|26
100657|869|N|26
100627|870|N|1
100628|871|N|1
100629|872|N|1
100630|873|N|1
100631|874|N|1
100632|875|N|1
100633|876|N|1
100525|917|N|4
100651|878|N|1
100652|879|N|1
100653|880|N|1
100654|881|N|1
100655|882|N|1
100656|883|N|1
100657|884|N|1
100627|885|N|2
100628|886|N|2
100629|887|N|2
100630|888|N|2
100631|889|N|2
100632|890|N|2
100633|891|N|2
100650|892|N|2
100651|893|N|2
100652|894|N|2
100653|895|N|2
100654|896|N|2
100655|897|N|2
100656|898|N|2
100657|899|N|2
100627|900|N|4
100628|901|N|4
100629|902|N|4
100630|903|N|4
100631|904|N|4
100632|905|N|4
100633|906|N|4
100650|907|N|4
100651|908|N|4
100652|909|N|4
100653|910|N|4
100654|911|N|4
100655|912|N|4
100656|913|N|4
100657|914|N|4
100625|915|N|26
100625|916|N|26
100550|918|N|4
100551|919|N|4
100552|920|N|4
100553|921|N|4
100554|922|N|4
100555|923|N|4
100556|924|N|4
100557|925|N|4
100558|926|N|4
100575|927|N|4
100576|928|N|4
100577|929|N|4
100578|930|N|4
100579|931|N|4
100580|932|N|4
100581|933|N|4
100582|934|N|4
100600|935|N|4
100625|936|N|4
100325|937|N|4
100326|938|N|4
100450|939|N|4
100451|940|N|4
100452|941|N|4
100453|942|N|4
100275|126|N|1
100275|127|N|4
100041|128|N|4
100042|129|N|4
100043|130|N|4
100044|131|N|4
100232|132|N|4
100231|133|N|4
100230|134|N|4
100229|135|N|4
100228|136|N|4
100227|137|N|4
100226|138|N|4
100225|139|N|4
100200|140|N|4
100150|141|N|4
100126|142|N|4
100125|143|N|4
100100|144|N|4
100083|145|N|4
100081|146|N|4
100552|453|N|1
100550|451|N|1
100072|149|N|4
100071|150|N|4
100070|151|N|4
100069|152|N|4
100068|153|N|4
100067|154|N|4
100066|155|N|4
100065|156|N|4
100501|403|N|4
100064|158|N|4
100063|159|N|4
100062|160|N|4
100061|161|N|4
100060|162|N|4
100059|163|N|4
100058|164|N|4
100057|165|N|4
100056|166|N|4
100055|167|N|4
100054|168|N|4
100053|169|N|4
100052|170|N|4
100051|171|N|4
100050|172|N|4
100049|173|N|4
100048|174|N|4
100047|175|N|4
100046|176|N|4
100045|177|N|4
100500|401|N|1
100500|402|N|4
100501|404|N|1
100551|452|N|1
100553|454|N|1
100554|455|N|1
100555|456|N|1
100556|457|N|1
100557|458|N|1
100558|459|N|1
100650|826|N|1
100475|943|N|4
100326|977|N|2
100425|978|N|2
100426|979|N|2
100427|980|N|2
100428|981|N|2
100429|982|N|2
100450|983|N|2
100451|984|N|2
100452|985|N|2
100453|986|N|2
100475|987|N|2
100500|988|N|2
100501|989|N|2
100325|1009|N|2
100041|226|N|2
100042|227|N|2
100043|228|N|2
100044|229|N|2
100045|230|N|2
100046|231|N|2
100047|232|N|2
100048|233|N|2
100049|234|N|2
100050|235|N|2
100051|236|N|2
100052|237|N|2
100053|238|N|2
100054|239|N|2
100055|240|N|2
100056|241|N|2
100057|242|N|2
100058|243|N|2
100059|244|N|2
100060|245|N|2
100061|246|N|2
100062|247|N|2
100063|248|N|2
100064|249|N|2
100065|250|N|2
100066|251|N|2
100067|252|N|2
100068|253|N|2
100069|254|N|2
100070|255|N|2
100071|256|N|2
100072|257|N|2
100041|694|N|26
100068|751|N|26
100081|260|N|2
100083|261|N|2
100100|262|N|2
100125|263|N|2
100126|264|N|2
100150|265|N|2
100300|266|N|4
100301|267|N|4
100200|268|N|2
100225|269|N|2
100225|270|N|2
100227|271|N|2
100228|272|N|2
100229|273|N|2
100230|274|N|2
100231|275|N|2
100232|276|N|2
100045|695|N|26
100230|696|N|26
100275|279|N|2
100049|697|N|26
100300|281|N|2
100301|282|N|2
100582|698|N|26
100043|699|N|26
100069|700|N|26
100450|701|N|26
100061|702|N|26
100575|703|N|26
100065|704|N|26
100300|705|N|26
100425|706|N|26
100067|707|N|26
100042|708|N|26
100048|709|N|26
100232|710|N|26
100050|711|N|26
100576|712|N|26
100044|713|N|26
100071|714|N|26
100452|715|N|26
100063|716|N|26
100426|717|N|26
100325|718|N|26
100228|719|N|26
100227|720|N|26
100226|721|N|26
100081|722|N|26
100060|723|N|26
100552|724|N|26
100200|725|N|26
100275|726|N|26
100556|727|N|26
100052|728|N|26
100600|729|N|26
100054|730|N|26
100057|731|N|26
100577|732|N|26
100051|733|N|26
100553|734|N|26
100046|735|N|26
100550|736|N|26
100056|737|N|26
100554|738|N|26
100125|739|N|26
100072|740|N|26
100558|741|N|26
100453|742|N|26
100557|743|N|26
100064|744|N|26
100555|745|N|26
100578|746|N|26
100066|747|N|26
100428|748|N|26
100427|749|N|26
100058|750|N|26
100475|376|N|1
100551|752|N|26
100579|753|N|26
100525|754|N|26
100501|755|N|26
100150|756|N|26
100083|757|N|26
100100|758|N|26
100500|759|N|26
100301|760|N|26
100126|761|N|26
100475|762|N|26
100225|763|N|26
100326|764|N|26
100229|765|N|26
100059|766|N|26
100055|767|N|26
100231|768|N|26
100053|769|N|26
100580|770|N|26
100047|771|N|26
100070|772|N|26
100451|773|N|26
100062|774|N|26
100581|775|N|26
100429|776|N|26
100525|990|N|2
100550|991|N|2
100551|992|N|2
100552|993|N|2
100553|994|N|2
100554|995|N|2
100555|996|N|2
100556|997|N|2
100557|998|N|2
100558|999|N|2
100575|1000|N|2
100576|1001|N|2
100577|1002|N|2
100578|1003|N|2
100225|76|N|1
100226|77|N|1
100227|78|N|1
100228|79|N|1
100229|80|N|1
100230|81|N|1
100231|82|N|1
100232|83|N|1
100300|201|N|1
100579|1004|N|2
100580|1005|N|2
100581|1006|N|2
100582|1007|N|2
100600|1008|N|2
100701|1026|N|1
100702|1027|N|1
100703|1028|N|1
100726|1051|N|1
100726|1052|N|2
100726|1053|N|3
100726|1054|N|4
100726|1055|N|26
100751|1076|N|1
100752|1077|N|1
100753|1078|N|1
100754|1079|N|1
100755|1080|N|1
