message_consumer_key|service_key|web_service_key
2|1|100126
3|1|100426
3|1|100427
3|1|100428
3|1|100301
3|1|100425
3|1|100429
3|1|100582
3|1|100600
3|1|100633
3|1|100632
3|1|100200
3|1|100450
3|1|100325
3|1|100326
3|1|100451
3|1|100452
3|1|100453
3|1|100525
3|1|100575
3|1|100576
3|1|100577
3|1|100578
3|1|100579
3|1|100580
3|1|100581
3|1|100625
3|1|100626
3|1|100627
3|1|100652
3|1|100628
3|1|100629
3|1|100630
3|1|100631
3|1|100651
3|1|100653
3|1|100654
3|1|100655
3|1|100656
3|1|100657
3|1|100041
3|1|100042
3|1|100043
3|1|100044
3|1|100045
3|1|100046
3|1|100047
3|1|100048
3|1|100049
3|1|100050
3|1|100051
3|1|100052
3|1|100053
3|1|100054
3|1|100055
3|1|100056
3|1|100057
3|1|100058
3|1|100059
3|1|100060
3|1|100061
3|1|100062
3|1|100063
3|1|100064
3|1|100065
3|1|100066
3|1|100067
3|1|100068
3|1|100069
3|1|100070
3|1|100071
3|1|100072
3|1|100551
3|1|100552
3|1|100081
3|1|100100
3|1|100125
3|1|100083
3|1|100150
3|1|100275
3|1|100500
3|1|100501
3|1|100550
3|1|100553
3|1|100554
3|1|100555
3|1|100556
3|1|100557
3|1|100558
3|1|100650
3|1|100225
3|1|100226
3|1|100227
3|1|100228
3|1|100229
3|1|100230
3|1|100231
3|1|100232
3|1|100300
3|1|100475
3|1|100701
3|1|100702
3|1|100703
3|1|100726
3|1|100751
3|1|100752
3|1|100753
3|1|100754
3|1|100755