ra_affiliation_key|affiliation_key|registration_authority_key
41|3|1
42|4|1
43|5|1
44|6|1
45|8|1
46|9|1
47|10|1
48|11|1
49|13|1
50|14|1
51|15|1
52|16|1
53|18|1
54|19|1
55|20|1
56|21|1
57|23|1
58|24|1
59|25|1
60|26|1
61|28|1
62|29|1
63|30|1
64|31|1
65|33|1
66|34|1
67|35|1
68|36|1
69|38|1
70|39|1
71|40|1
72|41|1
73|43|1
74|44|1
75|45|1
76|46|1
77|48|1
78|49|1
79|50|1
80|51|1
81|54|1
82|55|1
83|56|1
84|57|1
85|58|1
86|59|1
87|60|1
88|61|1
89|62|1
90|64|1
91|65|1
92|66|1
93|67|1
94|68|1
95|69|1
96|70|1
97|71|1
98|72|1
99|74|1
100|75|1
101|76|1
102|77|1
103|78|1
104|79|1
105|80|1
106|81|1
107|82|1
108|84|1
109|85|1
110|86|1
111|87|1
112|88|1
113|89|1
114|90|1
115|91|1
116|92|1
117|94|1
118|95|1
119|96|1
120|97|1
121|98|1
122|99|1
123|100|1
124|101|1
125|102|1
126|104|1
127|105|1
128|106|1
129|107|1
130|108|1
131|110|1
132|111|1
133|112|1
134|113|1
135|114|1
136|116|1
137|117|1
138|118|1
139|119|1
140|120|1
141|122|1
142|123|1
143|124|1
144|125|1
145|126|1
146|127|1
147|128|1
148|129|1
149|130|1
150|132|1
151|133|1
152|134|1
153|135|1
154|136|1
155|137|1
156|138|1
157|139|1
158|141|1
275|106|4
276|107|4
277|108|4
278|110|4
279|111|4
280|112|4
281|113|4
282|114|4
283|116|4
284|117|4
285|118|4
286|119|4
287|120|4
288|122|4
289|123|4
290|124|4
291|125|4
292|126|4
293|127|4
294|128|4
295|129|4
296|130|4
297|132|4
298|133|4
299|134|4
300|135|4
301|136|4
302|137|4
303|138|4
304|139|4
305|141|4
306|142|4
307|143|4
308|144|4
309|145|4
310|146|4
311|147|4
312|148|4
313|150|4
314|151|4
315|153|4
316|154|4
317|156|4
318|157|4
319|159|4
320|160|4
321|162|4
322|163|4
323|165|4
324|166|4
325|168|4
326|169|4
327|171|4
328|172|4
329|174|4
330|175|4
331|177|4
332|178|4
333|180|4
334|181|4
335|3|101
336|4|101
337|5|101
338|6|101
339|8|101
340|9|101
341|10|101
342|11|101
343|13|101
344|14|101
345|15|101
346|16|101
347|18|101
348|19|101
349|20|101
350|21|101
351|23|101
352|24|101
353|25|101
354|26|101
355|28|101
356|29|101
357|30|101
358|31|101
359|33|101
360|34|101
361|35|101
362|36|101
363|38|101
364|39|101
365|40|101
366|41|101
367|43|101
368|44|101
369|45|101
370|46|101
371|48|101
372|49|101
373|50|101
374|51|101
375|54|101
376|55|101
377|56|101
378|57|101
379|58|101
380|59|101
381|60|101
382|61|101
383|62|101
384|64|101
385|65|101
386|66|101
387|67|101
388|68|101
389|69|101
390|70|101
391|71|101
392|72|101
393|74|101
394|75|101
395|76|101
396|77|101
397|78|101
398|79|101
399|80|101
400|81|101
401|82|101
402|84|101
403|85|101
404|86|101
405|87|101
406|88|101
407|89|101
408|90|101
409|91|101
410|92|101
411|94|101
412|95|101
413|96|101
414|97|101
415|98|101
416|99|101
417|100|101
418|101|101
419|102|101
420|104|101
421|105|101
422|106|101
423|107|101
424|108|101
425|110|101
426|111|101
427|112|101
428|113|101
429|114|101
430|116|101
431|117|101
432|118|101
433|119|101
434|120|101
435|122|101
436|123|101
437|124|101
438|125|101
439|126|101
440|127|101
441|128|101
442|129|101
443|130|101
444|132|101
445|133|101
446|134|101
447|135|101
448|136|101
449|137|101
450|138|101
451|139|101
452|141|101
453|142|101
454|143|101
455|144|101
456|145|101
457|146|101
458|147|101
459|148|101
460|150|101
461|151|101
462|153|101
463|154|101
464|156|101
465|157|101
466|159|101
467|160|101
468|162|101
469|163|101
470|165|101
471|166|101
472|168|101
473|169|101
474|171|101
475|172|101
476|174|101
477|175|101
478|177|101
479|178|101
480|180|101
481|181|101
159|142|1
160|143|1
161|144|1
162|145|1
163|146|1
164|147|1
165|148|1
166|150|1
167|151|1
168|153|1
169|154|1
170|156|1
171|157|1
172|159|1
173|160|1
174|162|1
175|163|1
176|165|1
177|166|1
178|168|1
179|169|1
180|171|1
181|172|1
182|174|1
183|175|1
184|177|1
185|178|1
186|180|1
187|181|1
188|3|4
189|4|4
190|5|4
191|6|4
192|8|4
193|9|4
194|10|4
195|11|4
196|13|4
197|14|4
198|15|4
199|16|4
200|18|4
201|19|4
202|20|4
203|21|4
204|23|4
205|24|4
206|25|4
207|26|4
208|28|4
209|29|4
210|30|4
211|31|4
212|33|4
213|34|4
214|35|4
215|36|4
216|38|4
217|39|4
218|40|4
219|41|4
220|43|4
221|44|4
222|45|4
223|46|4
224|48|4
225|49|4
226|50|4
227|51|4
228|54|4
229|55|4
230|56|4
231|57|4
232|58|4
233|59|4
234|60|4
235|61|4
236|62|4
237|64|4
238|65|4
239|66|4
240|67|4
241|68|4
242|69|4
243|70|4
244|71|4
245|72|4
246|74|4
247|75|4
248|76|4
249|77|4
250|78|4
251|79|4
252|80|4
253|81|4
254|82|4
255|84|4
256|85|4
257|86|4
258|87|4
259|88|4
260|89|4
261|90|4
262|91|4
263|92|4
264|94|4
265|95|4
266|96|4
267|97|4
268|98|4
269|99|4
270|100|4
271|101|4
272|102|4
273|104|4
274|105|4
