sp_notification_key|service_provisioner_key|web_service_key
109|5|100126
100000|100000|100045
100001|100000|100069
100002|100000|100067
100003|100000|100048
100004|100000|100071
100005|100000|100055
100006|100000|100070
100007|100001|100041
100008|100001|100045
100009|100001|100049
100010|100001|100043
100011|100001|100069
100012|100001|100061
100013|100001|100067
100014|100001|100042
100015|100001|100048
100016|100001|100050
100017|100001|100044
100018|100001|100071
100019|100001|100063
100020|100001|100059
100021|100001|100055
100022|100001|100053
100023|100001|100047
100024|100001|100070
100025|100001|100062
