web_service_access_key|web_service_key|cpr_access_groups_key|suspend_flag
1|100426|1|N
2|100427|1|N
3|100428|1|N
4|100301|1|N
5|100425|1|N
6|100429|1|N
7|100582|1|N
8|100600|1|N
9|100633|1|N
10|100632|1|N
11|100200|1|N
12|100450|1|N
13|100325|1|N
14|100326|1|N
15|100451|1|N
16|100452|1|N
17|100453|1|N
18|100525|1|N
19|100575|1|N
20|100576|1|N
21|100577|1|N
22|100578|1|N
23|100579|1|N
24|100580|1|N
25|100581|1|N
26|100625|1|N
27|100626|1|N
28|100627|1|N
29|100652|1|N
30|100628|1|N
31|100629|1|N
32|100630|1|N
33|100631|1|N
34|100651|1|N
35|100653|1|N
36|100654|1|N
37|100655|1|N
38|100656|1|N
39|100657|1|N
40|100041|1|N
41|100042|1|N
42|100043|1|N
43|100044|1|N
44|100045|1|N
45|100046|1|N
46|100047|1|N
47|100048|1|N
48|100049|1|N
49|100050|1|N
50|100051|1|N
51|100052|1|N
52|100053|1|N
53|100054|1|N
54|100055|1|N
55|100056|1|N
56|100057|1|N
57|100058|1|N
58|100059|1|N
59|100060|1|N
60|100061|1|N
61|100062|1|N
62|100063|1|N
63|100064|1|N
64|100065|1|N
65|100066|1|N
66|100067|1|N
67|100068|1|N
68|100069|1|N
69|100070|1|N
70|100071|1|N
71|100072|1|N
72|100551|1|N
73|100552|1|N
74|100081|1|N
75|100100|1|N
76|100125|1|N
77|100083|1|N
78|100126|1|N
79|100150|1|N
80|100275|1|N
81|100500|1|N
82|100501|1|N
83|100550|1|N
84|100553|1|N
85|100554|1|N
86|100555|1|N
87|100556|1|N
88|100557|1|N
89|100558|1|N
90|100650|1|N
91|100225|1|N
92|100226|1|N
93|100227|1|N
94|100228|1|N
95|100229|1|N
96|100230|1|N
97|100231|1|N
98|100232|1|N
99|100300|1|N
100|100475|1|N
101|100701|1|N
102|100702|1|N
103|100703|1|N
104|100726|1|N
105|100751|1|N
106|100752|1|N
107|100753|1|N
108|100754|1|N
109|100755|1|N
